1.00
1.01
1.02
1.03
1.04
1.05
1.06
1.07
1.08
1.09
1.11
1.12
1.13
1.14
1.15
1.17
1.18
1.19
1.20
1.22
1.23
1.24
1.26
1.27
1.29
1.30
1.31
1.33
1.35
1.36
1.38
1.39
1.41
1.43
1.44
1.46
1.48
1.50
1.52
1.54
1.56
1.58
1.60
1.62
1.64
1.66
1.68
1.70
1.73
1.75
1.77
1.80
1.82
1.85
1.87
1.90
1.93
1.95
1.98
2.01
2.04
2.07
2.10
2.13
2.16
2.19
2.22
2.25
2.29
2.32
2.36
2.39
2.43
2.46
2.50
2.54
2.58
2.62
2.66
2.70
2.74
2.78
2.82
2.86
2.91
2.95
3.00
3.05
3.09
3.14
3.19
3.24
3.29
3.34
3.39
3.44
3.50
3.55
3.61
3.66
3.72
3.78
3.83
3.89
3.95
4.01
4.08
4.14
4.20
4.27
4.33
4.40
4.47
4.54
4.61
4.68
4.75
4.82
4.90
4.97
5.05
5.12
5.20
5.28
5.36
5.44
5.53
5.61
5.69
5.78
5.87
5.95
6.04
6.13
6.22
6.32
6.41
6.51
6.60
6.70
6.80
6.90
7.00
7.10
7.21
7.31
7.42
7.53
7.63
7.74
7.86
7.97
8.08
8.20
8.32
8.43
8.55
8.68
8.80
8.92
9.05
9.18
9.30
9.43
9.57
9.70
9.83
9.97
10.11
10.25
10.39
10.53
10.67
10.82
10.96
11.11
11.26
11.42
11.57
11.72
11.88
12.04
12.20
12.36
12.52
12.69
12.86
13.03
13.20
13.37
13.54
13.72
13.90
14.08
14.26
14.44
14.63
14.81
15.00
15.19
